bs 1023 1023 1023 1023 1023 1023 1023 1023 1023 1023 1023 1023 1023 1023 1023 1023 ;
aves 1023 1023;
rolls 0 0;
yaws 0 0;
bs 1023 1023 1023 1023 1023 1023 1023 1023 1023 1023 1023 1023 1023 1023 1023 1023 ;
aves 1023 1023;
rolls 0 0;
yaws 0 0;
bs 1023 1023 1023 1023 1023 1023 1023 1023 1023 1023 1023 1023 1023 1023 1023 1023 ;
aves 1023 1023;
rolls 0 0;
yaws 0 0;
bs 1023 1023 1023 1023 1023 1023 1023 1023 1023 1023 1023 1023 1023 1023 1023 1023 ;
aves 1023 1023;
rolls 0 0;
yaws 0 0;
bs 1023 1023 1023 1023 1023 1023 1023 1023 1023 1023 1023 1023 1023 1023 1023 1023 ;
aves 1023 1023;
rolls 0 0;
yaws 0 0;
bs 1023 1023 1023 1023 1023 1023 1023 1023 1023 1023 1023 1023 1023 1023 1023 1023 ;
aves 1023 1023;
rolls 0 0;
yaws 0 0;
bs 1023 1023 1023 1023 1023 1023 1023 1023 1023 1023 1023 1023 1023 1023 1023 1023 ;
aves 1023 1023;
rolls 0 0;
yaws 0 0;
bs 1023 1023 1023 1023 1023 1023 1023 1023 1023 1023 1023 1023 1023 1023 1023 1023 ;
aves 1023 1023;
rolls 0 0;
yaws 0 0;
bs 1023 1023 1023 1023 1023 1023 1023 1023 1023 1023 1023 1023 1023 1023 1023 1023 ;
aves 1023 1023;
rolls 0 0;
yaws 0 0;
bs 1023 1023 1023 1023 1023 1023 1023 1023 1023 1023 1023 1023 1023 1023 1023 1023 ;
aves 1023 1023;
rolls 0 0;
yaws 0 0;
bs 1023 1023 1023 1023 1023 1023 1023 1023 1023 1023 1023 1023 1023 1023 1023 1023 ;
aves 1023 1023;
rolls 0 0;
yaws 0 0;
bs 1023 1023 1023 1023 1023 1023 1023 1023 1023 1023 1023 1023 1023 1023 1023 1023 ;
aves 1023 1023;
rolls 0 0;
yaws 0 0;
bs 1023 1023 1023 1023 1023 1023 1023 1023 1023 1023 1023 1023 1023 1023 1023 1023 ;
aves 1023 1023;
rolls 0 0;
yaws 0 0;
bs 1023 1023 1023 1023 1023 1023 1023 1023 1023 1023 1023 1023 1023 1023 1023 1023 ;
aves 1023 1023;
rolls 0 0;
yaws 0 0;
bs 1023 1023 1023 1023 1023 1023 1023 1023 1023 1023 1023 1023 1023 1023 1023 1023 ;
aves 1023 1023;
rolls 0 0;
yaws 0 0;
bs 1023 1023 1023 1023 1023 1023 1023 1023 1023 1023 1023 1023 1023 1023 1023 1023 ;
aves 1023 1023;
rolls 0 0;
yaws 0 0;
bs 1023 1023 1023 1023 1023 1023 1023 1023 1023 1023 1023 1023 1023 1023 1023 1023 ;
aves 1023 1023;
rolls 0 0;
yaws 0 0;
bs 1023 1023 1023 1023 1023 1023 1023 1023 1023 1023 1023 1023 1023 1023 1023 1023 ;
aves 1023 1023;
rolls 0 0;
yaws 0 0;
bs 1023 1023 1023 1023 1023 1023 1023 1023 1023 1023 1023 1023 1023 1023 1023 1023 ;
aves 1023 1023;
rolls 0 0;
yaws 0 0;
bs 1023 1023 1023 1023 1023 1023 1023 1023 1023 1023 1023 1023 1023 1023 1023 1023 ;
aves 1023 1023;
rolls 0 0;
yaws 0 0;
bs 1023 1023 1023 1023 1023 1023 1023 1023 1023 1023 1023 1023 1023 1023 1023 1023 ;
aves 1023 1023;
rolls 0 0;
yaws 0 0;
bs 1023 1023 1023 1023 1023 1023 1023 1023 1023 1023 1023 1023 1023 1023 1023 1023 ;
aves 1023 1023;
rolls 0 0;
yaws 0 0;
bs 1023 1023 1023 1023 1023 1023 1023 1023 1023 1023 1023 1023 1023 1023 1023 1023 ;
aves 1023 1023;
rolls 0 0;
yaws 0 0;
bs 1023 1023 1023 1023 1023 1023 1023 1023 1023 1023 1023 1023 1023 1023 1023 1023 ;
aves 1023 1023;
rolls 0 0;
yaws 0 0;
bs 1023 1023 1023 1023 1023 1023 1023 1023 1023 1023 1023 1023 1023 1023 1023 1023 ;
aves 1023 1023;
rolls 0 0;
yaws 0 0;
bs 1023 1023 1023 1023 1023 1023 1023 1023 1023 1023 1023 1023 1023 1023 1023 1023 ;
aves 1023 1023;
rolls 0 0;
yaws 0 0;
bs 1023 1023 1023 1023 1023 1023 1023 1023 1023 1023 1023 1023 1023 1023 1023 1023 ;
aves 1023 1023;
rolls 0 0;
yaws 0 0;
bs 1023 1023 1023 1023 1023 1023 1023 1023 1023 1023 1023 1023 1023 1023 1023 1023 ;
aves 1023 1023;
rolls 0 0;
yaws 0 0;
bs 1023 1023 1023 1023 1023 1023 1023 1023 1023 1023 1023 1023 1023 1023 1023 1023 ;
aves 1023 1023;
rolls 0 0;
yaws 0 0;
bs 1023 1023 1023 1023 1023 1023 1023 1023 1023 1023 1023 1023 1023 1023 1023 1023 ;
aves 1023 1023;
rolls 0 0;
yaws 0 0;
bs 1023 1023 1023 1023 1023 1023 1023 1023 1023 1023 1023 1023 1023 1023 1023 1023 ;
aves 1023 1023;
rolls 0 0;
yaws 0 0;
bs 1023 1023 1023 1023 1023 1023 1023 1023 1023 1023 1023 1023 1023 1023 1023 1023 ;
aves 1023 1023;
rolls 0 0;
yaws 0 0;
bs 1023 1023 1023 1023 1023 1023 1023 1023 1023 1023 1023 1023 1023 1023 1023 1023 ;
aves 1023 1023;
rolls 0 0;
yaws 0 0;
bs 1023 1023 1023 1023 1023 1023 1023 1023 1023 1023 1023 1023 1023 1023 1023 1023 ;
aves 1023 1023;
rolls 0 0;
yaws 0 0;
bs 1023 1023 1023 1023 1023 1023 1023 1023 1023 1023 1023 1023 1023 1023 1023 1023 ;
aves 1023 1023;
rolls 0 0;
yaws 0 0;
bs 1023 1023 1023 1023 1023 1023 1023 1023 1023 1023 1023 1023 1023 1023 1023 1023 ;
aves 1023 1023;
rolls 0 0;
yaws 0 0;
bs 1023 1023 1023 1023 1023 1023 1023 1023 1023 1023 1023 1023 1023 1023 1023 1023 ;
aves 1023 1023;
rolls 0 0;
yaws 0 0;
bs 1023 1023 1023 1023 1023 1023 1023 1023 1023 1023 1023 1023 1023 1023 1023 1023 ;
aves 1023 1023;
rolls 0 0;
yaws 0 0;
bs 1023 1023 1023 1023 1023 1023 1023 1023 1023 1023 1023 1023 1023 1023 1023 1023 ;
aves 1023 1023;
rolls 0 0;
yaws 0 0;
bs 1023 1023 1023 1023 1023 1023 1023 1023 1023 1023 1023 1023 1023 1023 1023 1023 ;
aves 1023 1023;
rolls 0 0;
yaws 0 0;
bs 1023 1023 1023 1023 1023 1023 1023 1023 1023 1023 1023 1023 1023 1023 1023 1023 ;
aves 1023 1023;
rolls 0 0;
yaws 0 0;
bs 1023 1023 1023 1023 1023 1023 1023 1023 1023 1023 1023 1023 1023 1023 1023 1023 ;
aves 1023 1023;
rolls 0 0;
yaws 0 0;
bs 1023 1023 1023 1023 1023 1023 1023 1023 1023 1023 1023 1023 1023 1023 1023 1023 ;
aves 1023 1023;
rolls 0 0;
yaws 0 0;
bs 1023 1023 1023 1023 1023 1023 1023 1023 1023 1023 1023 1023 1023 1023 1023 1023 ;
aves 1023 1023;
rolls 0 0;
yaws 0 0;
bs 1023 1023 1023 1023 1023 1023 1023 1023 1023 1023 1023 1023 1023 1023 1023 1023 ;
aves 1023 1023;
rolls 0 0;
yaws 0 0;
bs 1023 1023 1023 1023 1023 1023 1023 1023 1023 1023 1023 1023 1023 1023 1023 1023 ;
aves 1023 1023;
rolls 0 0;
yaws 0 0;
bs 1023 1023 1023 1023 1023 1023 1023 1023 1023 1023 1023 1023 1023 1023 1023 1023 ;
aves 1023 1023;
rolls 0 0;
yaws 0 0;
bs 1023 1023 1023 1023 1023 1023 1023 1023 1023 1023 1023 1023 1023 1023 1023 1023 ;
aves 1023 1023;
rolls 0 0;
yaws 0 0;
bs 1023 1023 1023 1023 1023 1023 1023 1023 1023 1023 1023 1023 1023 1023 1023 1023 ;
aves 1023 1023;
rolls 0 0;
yaws 0 0;
bs 1023 1023 1023 1023 1023 1023 1023 1023 1023 1023 1023 1023 1023 1023 1023 1023 ;
aves 1023 1023;
rolls 0 0;
yaws 0 0;
bs 1023 1023 1023 1023 1023 1023 1023 1023 1023 1023 1023 1023 1023 1023 1023 1023 ;
aves 1023 1023;
rolls 0 0;
yaws 0 0;
bs 1023 1023 1023 1023 1023 1023 1023 1023 1023 1023 1023 1023 1023 1023 1023 1023 ;
aves 1023 1023;
rolls 0 0;
yaws 0 0;
bs 1023 1023 1023 1023 1023 1023 1023 1023 1023 1023 1023 1023 1023 1023 1023 1023 ;
aves 1023 1023;
rolls 0 0;
yaws 0 0;
bs 1023 1023 1023 1023 1023 1023 1023 1023 1023 1023 1023 1023 1023 1023 1023 1023 ;
aves 1023 1023;
rolls 0 0;
yaws 0 0;
bs 1023 1023 1023 1023 1023 1023 1023 1023 1023 1023 1023 1023 1023 1023 1023 1023 ;
aves 1023 1023;
rolls 0 0;
yaws 0 0;
bs 1023 1023 1023 1023 1023 1023 1023 1023 1023 1023 1023 1023 1023 1023 1023 1023 ;
aves 1023 1023;
rolls 0 0;
yaws 0 0;
bs 1023 1023 1023 1023 1023 1023 1023 1023 1023 1023 1023 1023 1023 1023 1023 1023 ;
aves 1023 1023;
rolls 0 0;
yaws 0 0;
bs 1023 1023 1023 1023 1023 1023 1023 1023 1023 1023 1023 1023 1023 1023 1023 1023 ;
aves 1023 1023;
rolls 0 0;
yaws 0 0;
bs 1023 1023 1023 1023 1023 1023 1023 1023 1023 1023 1023 1023 1023 1023 1023 1023 ;
aves 1023 1023;
rolls 0 0;
yaws 0 0;
bs 1023 1023 1023 1023 1023 1023 1023 1023 1023 1023 1023 1023 1023 1023 1023 1023 ;
aves 1023 1023;
rolls 0 0;
yaws 0 0;
bs 1023 1023 1023 1023 1023 1023 1023 1023 1023 1023 1023 1023 1023 1023 1023 1023 ;
aves 1023 1023;
rolls 0 0;
yaws 0 0;
bs 1023 1023 1023 1023 1023 1023 1023 1023 1023 1023 1023 1023 1023 1023 1023 1023 ;
aves 1023 1023;
rolls 0 0;
yaws 0 0;
bs 1023 1023 1023 1023 1023 1023 1023 1023 1023 1023 1023 1023 1023 1023 1023 1023 ;
aves 1023 1023;
rolls 0 0;
yaws 0 0;
bs 1023 1023 1023 1023 1023 1023 1023 1023 1023 1023 1023 1023 1023 1023 1023 1023 ;
aves 1023 1023;
rolls 0 0;
yaws 0 0;
bs 1023 1023 1023 1023 1023 1023 1023 1023 1023 1023 1023 1023 1023 1023 1023 1023 ;
aves 1023 1023;
rolls 0 0;
yaws 0 0;
bs 1023 1023 1023 1023 1023 1023 1023 1023 1023 1023 1023 1023 1023 1023 1023 1023 ;
aves 1023 1023;
rolls 0 0;
yaws 0 0;
bs 1023 1023 1023 1023 1023 1023 1023 1023 1023 1023 1023 1023 1023 1023 1023 1023 ;
aves 1023 1023;
rolls 0 0;
yaws 0 0;
bs 1023 1023 1023 1023 1023 1023 1023 1023 1023 1023 1023 1023 1023 1023 1023 1023 ;
aves 1023 1023;
rolls 0 0;
yaws 0 0;
bs 1023 1023 1023 1023 1023 1023 1023 1023 1023 1023 1023 1023 1023 1023 1023 1023 ;
aves 1023 1023;
rolls 0 0;
yaws 0 0;
bs 1023 1023 1023 1023 1023 1023 1023 1023 1023 1023 1023 1023 1023 1023 1023 1023 ;
aves 1023 1023;
rolls 0 0;
yaws 0 0;
bs 1023 1023 1023 1023 1023 1023 1023 1023 1023 1023 1023 1023 1023 1023 1023 1023 ;
aves 1023 1023;
rolls 0 0;
yaws 0 0;
bs 1023 1023 1023 1023 1023 1023 1023 1023 1023 1023 1023 1023 1023 1023 1023 1023 ;
aves 1023 1023;
rolls 0 0;
yaws 0 0;
bs 1023 1023 1023 1023 1023 1023 1023 1023 1023 1023 1023 1023 1023 1023 1023 1023 ;
aves 1023 1023;
rolls 0 0;
yaws 0 0;
bs 1023 1023 1023 1023 1023 1023 1023 1023 1023 1023 1023 1023 1023 1023 1023 1023 ;
aves 1023 1023;
rolls 0 0;
yaws 0 0;
bs 1023 1023 1023 1023 1023 1023 1023 1023 1023 1023 1023 1023 1023 1023 1023 1023 ;
aves 1023 1023;
rolls 0 0;
yaws 0 0;
bs 1023 1023 1023 1023 1023 1023 1023 1023 1023 1023 1023 1023 1023 1023 1023 1023 ;
aves 1023 1023;
rolls 0 0;
yaws 0 0;
bs 1023 1023 1023 1023 1023 1023 1023 1023 1023 1023 1023 1023 1023 1023 1023 1023 ;
aves 1023 1023;
rolls 0 0;
yaws 0 0;
bs 1023 1023 1023 1023 1023 1023 1023 1023 1023 1023 1023 1023 1023 1023 1023 1023 ;
aves 1023 1023;
rolls 0 0;
yaws 0 0;
bs 1023 1023 1023 1023 1023 1023 1023 1023 1023 1023 1023 1023 1023 1023 1023 1023 ;
aves 1023 1023;
rolls 0 0;
yaws 0 0;
bs 1023 1023 1023 1023 1023 1023 1023 1023 1023 1023 1023 1023 1023 1023 1023 1023 ;
aves 1023 1023;
rolls 0 0;
yaws 0 0;
bs 1023 1023 1023 1023 1023 1023 1023 1023 1023 1023 1023 1023 1023 1023 1023 1023 ;
aves 1023 1023;
rolls 0 0;
yaws 0 0;
bs 1023 1023 1023 1023 1023 1023 1023 1023 1023 1023 1023 1023 1023 1023 1023 1023 ;
aves 1023 1023;
rolls 0 0;
yaws 0 0;
bs 1023 1023 1023 1023 1023 1023 1023 1023 1023 1023 1023 1023 1023 1023 1023 1023 ;
aves 1023 1023;
rolls 0 0;
yaws 0 0;
bs 1023 1023 1023 1023 1023 1023 1023 1023 1023 1023 1023 1023 1023 1023 1023 1023 ;
aves 1023 1023;
rolls 0 0;
yaws 0 0;
bs 1023 1023 1023 1023 1023 1023 1023 1023 1023 1023 1023 1023 1023 1023 1023 1023 ;
aves 1023 1023;
rolls 0 0;
yaws 0 0;
bs 1023 1023 1023 1023 1023 1023 1023 1023 1023 1023 1023 1023 1023 1023 1023 1023 ;
aves 1023 1023;
rolls 0 0;
yaws 0 0;
bs 1023 1023 1023 1023 1023 1023 1023 1023 1023 1023 1023 1023 1023 1023 1023 1023 ;
aves 1023 1023;
rolls 0 0;
yaws 0 0;
bs 1023 1023 1023 1023 1023 1023 1023 1023 1023 1023 1023 1023 1023 1023 1023 1023 ;
aves 1023 1023;
rolls 0 0;
yaws 0 0;
bs 1023 1023 1023 1023 1023 1023 1023 1023 1023 1023 1023 1023 1023 1023 1023 1023 ;
aves 1023 1023;
rolls 0 0;
yaws 0 0;
bs 1023 1023 1023 1023 1023 1023 1023 1023 1023 1023 1023 1023 1023 1023 1023 1023 ;
aves 1023 1023;
rolls 0 0;
yaws 0 0;
bs 1023 1023 1023 1023 1023 1023 1023 1023 1023 1023 1023 1023 1023 1023 1023 1023 ;
aves 1023 1023;
rolls 0 0;
yaws 0 0;
bs 1023 1023 1023 1023 1023 1023 1023 1023 1023 1023 1023 1023 1023 1023 1023 1023 ;
aves 1023 1023;
rolls 0 0;
yaws 0 0;
bs 1023 1023 1023 1023 1023 1023 1023 1023 1023 1023 1023 1023 1023 1023 1023 1023 ;
aves 1023 1023;
rolls 0 0;
yaws 0 0;
bs 1023 1023 1023 1023 1023 1023 1023 1023 1023 1023 1023 1023 1023 1023 1023 1023 ;
aves 1023 1023;
rolls 0 0;
yaws 0 0;
bs 1023 1023 1023 1023 1023 1023 1023 1023 1023 1023 1023 1023 1023 1023 1023 1023 ;
aves 1023 1023;
rolls 0 0;
yaws 0 0;
bs 1023 1023 1023 1023 1023 1023 1023 1023 1023 1023 1023 1023 1023 1023 1023 1023 ;
aves 1023 1023;
rolls 0 0;
yaws 0 0;
bs 1023 1023 1023 1023 1023 1023 1023 1023 1023 1023 1023 1023 1023 1023 1023 1023 ;
aves 1023 1023;
rolls 0 0;
yaws 0 0;
bs 1023 1023 1023 1023 1023 1023 1023 1023 1023 1023 1023 1023 1023 1023 1023 1023 ;
aves 1023 1023;
rolls 0 0;
yaws 0 0;
bs 1023 1023 1023 1023 1023 1023 1023 1023 1023 1023 1023 1023 1023 1023 1023 1023 ;
aves 1023 1023;
rolls 0 0;
yaws 0 0;
bs 1023 1023 1023 1023 1023 1023 1023 1023 1023 1023 1023 1023 1023 1023 1023 1023 ;
aves 1023 1023;
rolls 0 0;
yaws 0 0;
bs 1023 1023 1023 1023 1023 1023 1023 1023 1023 1023 1023 1023 1023 1023 1023 1023 ;
aves 1023 1023;
rolls 0 0;
yaws 0 0;
bs 1023 1023 1023 1023 1023 1023 1023 1023 1023 1023 1023 1023 1023 1023 1023 1023 ;
aves 1023 1023;
rolls 0 0;
yaws 0 0;
bs 1023 1023 1023 1023 1023 1023 1023 1023 1023 1023 1023 1023 1023 1023 1023 1023 ;
aves 1023 1023;
rolls 0 0;
yaws 0 0;
bs 1023 1023 1023 1023 1023 1023 1023 1023 1023 1023 1023 1023 1023 1023 1023 1023 ;
aves 1023 1023;
rolls 0 0;
yaws 0 0;
bs 1023 1023 1023 1023 1023 1023 1023 1023 1023 1023 1023 1023 1023 1023 1023 1023 ;
aves 1023 1023;
rolls 0 0;
yaws 0 0;
bs 1023 1023 1023 1023 1023 1023 1023 1023 1023 1023 1023 1023 1023 1023 1023 1023 ;
aves 1023 1023;
rolls 0 0;
yaws 0 0;
bs 1023 1023 1023 1023 1023 1023 1023 1023 1023 1023 1023 1023 1023 1023 1023 1023 ;
aves 1023 1023;
rolls 0 0;
yaws 0 0;
bs 1023 1023 1023 1023 1023 1023 1023 1023 1023 1023 1023 1023 1023 1023 1023 1023 ;
aves 1023 1023;
rolls 0 0;
yaws 0 0;
bs 1023 1023 1023 1023 1023 1023 1023 1023 1023 1023 1023 1023 1023 1023 1023 1023 ;
aves 1023 1023;
rolls 0 0;
yaws 0 0;
bs 1023 1023 1023 1023 1023 1023 1023 1023 1023 1023 1023 1023 1023 1023 1023 1023 ;
aves 1023 1023;
rolls 0 0;
yaws 0 0;
bs 1023 1023 1023 1023 1023 1023 1023 1023 1023 1023 1023 1023 1023 1023 1023 1023 ;
aves 1023 1023;
rolls 0 0;
yaws 0 0;
bs 1023 1023 1023 1023 1023 1023 1023 1023 1023 1023 1023 1023 1023 1023 1023 1023 ;
aves 1023 1023;
rolls 0 0;
yaws 0 0;
bs 1023 1023 1023 1023 1023 1023 1023 1023 1023 1023 1023 1023 1023 1023 1023 1023 ;
aves 1023 1023;
rolls 0 0;
yaws 0 0;
bs 1023 1023 1023 1023 1023 1023 1023 1023 1023 1023 1023 1023 1023 1023 1023 1023 ;
aves 1023 1023;
rolls 0 0;
yaws 0 0;
cof 10;
bs 1023 1023 1023 1023 779 1023 786 805 1023 1023 1023 1023 1023 1023 1023 1023 ;
aves 935.625 1023;
rolls -32.875 0;
yaws 87.375 0;
bs 1023 1023 1023 765 746 757 740 773 1023 1023 1023 1023 1023 1023 1023 1023 ;
aves 856.25 1023;
rolls 26.75 0;
yaws 102.25 0;
bs 1023 709 1023 713 691 717 680 735 1023 1023 1023 1023 1023 1023 1023 1023 ;
aves 786.375 1023;
rolls 67.875 0;
yaws 80.625 0;
bs 729 659 1023 645 616 661 613 691 1023 1023 1023 1023 1023 1023 1023 1023 ;
aves 704.625 1023;
rolls 40.625 0;
yaws 59.375 0;
bs 685 586 775 564 529 593 544 644 1023 1023 1023 1023 1023 1023 1023 1023 ;
aves 615 1023;
rolls 18.25 0;
yaws 37.5 0;
bs 615 503 764 481 436 514 477 597 1023 1023 1023 1023 1023 1023 1023 1023 ;
aves 548.375 1023;
rolls 24.625 0;
yaws 42.375 0;
bs 543 429 750 406 342 427 412 549 1023 1023 1023 1023 1023 1023 1023 1023 ;
aves 482.25 1023;
rolls 29.5 0;
yaws 49.75 0;
bs 471 357 733 336 249 334 350 500 1023 1023 1023 1023 1023 1023 1023 1023 ;
aves 416.25 1023;
rolls 34.5 0;
yaws 58 0;
bs 406 296 713 276 165 244 298 455 1023 1023 1023 1023 1023 1023 1023 1023 ;
aves 356.625 1023;
rolls 38.875 0;
yaws 66.125 0;
bs 350 246 687 226 92 161 251 414 1023 1023 1023 1023 1023 1023 1023 1023 ;
aves 303.375 1023;
rolls 41.625 0;
yaws 73.875 0;
bs 299 208 660 184 28 86 206 377 1023 1023 1023 1023 1023 1023 1023 1023 ;
aves 256 1023;
rolls 42.25 0;
yaws 81.75 0;
bs 249 169 633 141 0 7 162 338 1023 1023 1023 1023 1023 1023 1023 1023 ;
aves 212.375 1023;
rolls 48.625 0;
yaws 85.625 0;
bs 195 122 605 92 0 0 117 297 1023 1023 1023 1023 1023 1023 1023 1023 ;
aves 178.5 1023;
rolls 50.75 0;
yaws 75 0;
bs 139 65 576 34 0 0 71 251 1023 1023 1023 1023 1023 1023 1023 1023 ;
aves 142 1023;
rolls 54.5 0;
yaws 61.5 0;
bs 80 0 542 0 0 0 20 201 1023 1023 1023 1023 1023 1023 1023 1023 ;
aves 105.375 1023;
rolls 55.125 0;
yaws 50.125 0;
bs 14 0 505 0 0 0 0 146 1023 1023 1023 1023 1023 1023 1023 1023 ;
aves 83.125 1023;
rolls 46.625 0;
yaws 46.625 0;
bs 0 0 461 0 0 0 0 90 1023 1023 1023 1023 1023 1023 1023 1023 ;
aves 68.875 1023;
rolls 46.375 0;
yaws 46.375 0;
bs 0 0 414 0 0 0 0 34 1023 1023 1023 1023 1023 1023 1023 1023 ;
aves 56 1023;
rolls 47.5 0;
yaws 47.5 0;
bs 0 0 365 0 0 0 0 0 1023 1023 1023 1023 1023 1023 1023 1023 ;
aves 45.625 1023;
rolls 45.625 0;
yaws 45.625 0;
bs 0 0 315 0 0 0 0 0 1023 1023 1023 1023 1023 1023 1023 1023 ;
aves 39.375 1023;
rolls 39.375 0;
yaws 39.375 0;
bs 0 0 269 0 0 0 0 0 1023 1023 1023 1023 1023 1023 1023 1023 ;
aves 33.625 1023;
rolls 33.625 0;
yaws 33.625 0;
bs 0 0 231 0 0 0 0 0 1023 1023 1023 1023 1023 1023 1023 1023 ;
aves 28.875 1023;
rolls 28.875 0;
yaws 28.875 0;
bs 0 0 201 0 0 0 0 0 1023 1023 1023 1023 1023 1023 1023 1023 ;
aves 25.125 1023;
rolls 25.125 0;
yaws 25.125 0;
bs 0 0 177 0 0 0 0 0 1023 1023 1023 1023 1023 1023 1023 1023 ;
aves 22.125 1023;
rolls 22.125 0;
yaws 22.125 0;
bs 0 0 155 0 0 0 0 0 1023 1023 1023 1023 1023 1023 1023 1023 ;
aves 19.375 1023;
rolls 19.375 0;
yaws 19.375 0;
bs 0 0 129 0 0 0 0 0 1023 1023 1023 1023 1023 1023 1023 1023 ;
aves 16.125 1023;
rolls 16.125 0;
yaws 16.125 0;
bs 0 0 92 0 0 0 0 0 1023 1023 1023 1023 1023 1023 1023 1023 ;
aves 11.5 1023;
rolls 11.5 0;
yaws 11.5 0;
bs 0 0 39 0 0 0 0 0 1023 1023 1023 1023 1023 1023 1023 1023 ;
aves 4.875 1023;
rolls 4.875 0;
yaws 4.875 0;
bs 0 0 0 0 0 0 0 0 1023 1023 1023 1023 1023 1023 1023 1023 ;
aves 0 1023;
rolls 0 0;
yaws 0 0;
bs 0 0 0 0 0 0 0 0 1023 1023 1023 1023 1023 1023 1023 1023 ;
aves 0 1023;
rolls 0 0;
yaws 0 0;
bs 0 0 0 0 0 0 0 0 1023 1023 1023 1023 1023 1023 1023 1023 ;
aves 0 1023;
rolls 0 0;
yaws 0 0;
bs 0 0 0 0 0 0 0 0 1023 1023 1023 1023 1023 1023 1023 1023 ;
aves 0 1023;
rolls 0 0;
yaws 0 0;
bs 0 0 0 0 0 0 0 0 1023 1023 1023 1023 1023 1023 1023 1023 ;
aves 0 1023;
rolls 0 0;
yaws 0 0;
bs 0 0 0 0 0 0 0 0 1023 1023 1023 1023 1023 1023 1023 1023 ;
aves 0 1023;
rolls 0 0;
yaws 0 0;
bs 0 0 0 0 0 0 0 0 1023 1023 1023 1023 1023 1023 1023 1023 ;
aves 0 1023;
rolls 0 0;
yaws 0 0;
bs 0 0 0 0 0 0 0 0 1023 1023 1023 1023 1023 1023 1023 1023 ;
aves 0 1023;
rolls 0 0;
yaws 0 0;
bs 0 0 0 0 0 0 0 0 1023 1023 1023 1023 1023 1023 1023 1023 ;
aves 0 1023;
rolls 0 0;
yaws 0 0;
bs 0 0 0 0 0 0 0 0 1023 1023 1023 1023 1023 1023 1023 1023 ;
aves 0 1023;
rolls 0 0;
yaws 0 0;
bs 0 0 0 0 0 0 0 0 1023 1023 1023 1023 1023 1023 1023 1023 ;
aves 0 1023;
rolls 0 0;
yaws 0 0;
bs 0 0 0 0 0 0 0 0 1023 1023 1023 1023 1023 1023 1023 1023 ;
aves 0 1023;
rolls 0 0;
yaws 0 0;
bs 0 0 0 0 0 0 0 0 1023 1023 1023 1023 1023 1023 1023 1023 ;
aves 0 1023;
rolls 0 0;
yaws 0 0;
bs 0 0 0 0 0 0 0 0 1023 1023 1023 1023 1023 1023 1023 1023 ;
aves 0 1023;
rolls 0 0;
yaws 0 0;
bs 0 0 0 0 0 0 0 0 1023 1023 1023 1023 1023 1023 1023 1023 ;
aves 0 1023;
rolls 0 0;
yaws 0 0;
bs 0 0 0 0 0 0 0 0 1023 1023 1023 1023 1023 1023 1023 1023 ;
aves 0 1023;
rolls 0 0;
yaws 0 0;
bs 0 0 0 0 0 0 0 0 1023 1023 1023 1023 1023 1023 1023 1023 ;
aves 0 1023;
rolls 0 0;
yaws 0 0;
bs 0 0 0 0 0 0 0 0 1023 1023 1023 1023 1023 1023 1023 1023 ;
aves 0 1023;
rolls 0 0;
yaws 0 0;
bs 0 0 0 0 0 0 0 0 1023 1023 1023 1023 1023 1023 1023 1023 ;
aves 0 1023;
rolls 0 0;
yaws 0 0;
bs 0 0 0 0 0 0 0 0 1023 1023 1023 1023 1023 1023 1023 1023 ;
aves 0 1023;
rolls 0 0;
yaws 0 0;
bs 0 0 0 0 0 0 0 0 1023 1023 1023 1023 1023 1023 1023 1023 ;
aves 0 1023;
rolls 0 0;
yaws 0 0;
bs 0 0 0 0 0 0 0 0 1023 1023 1023 1023 1023 1023 1023 1023 ;
aves 0 1023;
rolls 0 0;
yaws 0 0;
bs 0 0 0 0 0 0 0 0 1023 1023 1023 1023 1023 1023 1023 1023 ;
aves 0 1023;
rolls 0 0;
yaws 0 0;
bs 0 0 0 0 0 0 0 0 1023 1023 1023 1023 1023 1023 1023 1023 ;
aves 0 1023;
rolls 0 0;
yaws 0 0;
bs 0 0 0 0 0 0 0 0 1023 1023 1023 1023 1023 1023 1023 1023 ;
aves 0 1023;
rolls 0 0;
yaws 0 0;
bs 0 0 0 0 0 0 0 0 1023 1023 1023 1023 1023 1023 1023 1023 ;
aves 0 1023;
rolls 0 0;
yaws 0 0;
bs 0 0 0 0 0 0 0 0 1023 1023 1023 1023 1023 1023 1023 1023 ;
aves 0 1023;
rolls 0 0;
yaws 0 0;
bs 0 0 0 0 0 0 0 0 1023 1023 1023 1023 1023 1023 1023 1023 ;
aves 0 1023;
rolls 0 0;
yaws 0 0;
bs 0 0 0 0 0 0 0 0 1023 1023 1023 1023 1023 1023 1023 1023 ;
aves 0 1023;
rolls 0 0;
yaws 0 0;
bs 0 0 0 0 0 0 0 0 1023 1023 1023 1023 1023 1023 1023 1023 ;
aves 0 1023;
rolls 0 0;
yaws 0 0;
bs 0 0 0 0 0 0 0 0 1023 1023 1023 1023 1023 1023 1023 1023 ;
aves 0 1023;
rolls 0 0;
yaws 0 0;
bs 0 0 0 0 0 0 0 0 1023 1023 1023 1023 1023 1023 1023 1023 ;
aves 0 1023;
rolls 0 0;
yaws 0 0;
bs 0 0 0 0 0 0 0 0 1023 1023 1023 1023 1023 1023 1023 1023 ;
aves 0 1023;
rolls 0 0;
yaws 0 0;
bs 0 0 0 0 0 0 0 0 1023 1023 1023 1023 1023 1023 1023 1023 ;
aves 0 1023;
rolls 0 0;
yaws 0 0;
bs 0 0 0 0 0 0 0 0 1023 1023 1023 1023 1023 1023 1023 1023 ;
aves 0 1023;
rolls 0 0;
yaws 0 0;
bs 0 0 0 0 0 0 0 0 1023 1023 1023 1023 1023 1023 1023 1023 ;
aves 0 1023;
rolls 0 0;
yaws 0 0;
bs 0 0 0 0 0 0 0 0 1023 1023 1023 1023 1023 1023 1023 1023 ;
aves 0 1023;
rolls 0 0;
yaws 0 0;
bs 0 0 0 0 0 0 0 0 1023 1023 1023 1023 1023 1023 1023 1023 ;
aves 0 1023;
rolls 0 0;
yaws 0 0;
bs 0 0 0 0 0 0 0 0 1023 1023 1023 1023 1023 1023 1023 1023 ;
aves 0 1023;
rolls 0 0;
yaws 0 0;
bs 0 0 0 0 0 0 0 0 1023 1023 1023 1023 1023 1023 1023 1023 ;
aves 0 1023;
rolls 0 0;
yaws 0 0;
bs 0 0 0 0 0 0 0 0 1023 1023 1023 1023 1023 1023 1023 1023 ;
aves 0 1023;
rolls 0 0;
yaws 0 0;
bs 0 0 0 0 0 0 0 0 1023 1023 1023 1023 1023 1023 1023 1023 ;
aves 0 1023;
rolls 0 0;
yaws 0 0;
bs 0 0 0 0 0 0 0 0 1023 1023 1023 1023 1023 1023 1023 1023 ;
aves 0 1023;
rolls 0 0;
yaws 0 0;
bs 0 0 0 0 0 0 0 0 1023 1023 1023 1023 1023 1023 1023 1023 ;
aves 0 1023;
rolls 0 0;
yaws 0 0;
bs 0 0 0 0 0 0 0 0 1023 1023 1023 1023 1023 1023 1023 1023 ;
aves 0 1023;
rolls 0 0;
yaws 0 0;
bs 0 0 0 0 0 0 0 0 1023 1023 1023 1023 1023 1023 1023 1023 ;
aves 0 1023;
rolls 0 0;
yaws 0 0;
bs 0 0 0 0 0 0 0 0 1023 1023 1023 1023 1023 1023 1023 1023 ;
aves 0 1023;
rolls 0 0;
yaws 0 0;
bs 0 0 0 0 0 0 0 0 1023 1023 1023 1023 1023 1023 1023 1023 ;
aves 0 1023;
rolls 0 0;
yaws 0 0;
bs 0 0 0 0 0 0 0 0 1023 1023 1023 1023 1023 1023 1023 1023 ;
aves 0 1023;
rolls 0 0;
yaws 0 0;
bs 0 0 0 0 0 0 0 0 1023 1023 1023 1023 1023 1023 1023 1023 ;
aves 0 1023;
rolls 0 0;
yaws 0 0;
bs 0 0 0 0 0 0 0 0 1023 1023 1023 1023 1023 1023 1023 1023 ;
aves 0 1023;
rolls 0 0;
yaws 0 0;
bs 0 0 0 0 0 0 0 0 1023 1023 1023 1023 1023 1023 1023 1023 ;
aves 0 1023;
rolls 0 0;
yaws 0 0;
bs 0 0 0 0 0 0 0 0 1023 1023 1023 1023 1023 1023 1023 1023 ;
aves 0 1023;
rolls 0 0;
yaws 0 0;
bs 0 0 0 0 0 0 0 0 1023 1023 1023 1023 1023 1023 1023 1023 ;
aves 0 1023;
rolls 0 0;
yaws 0 0;
bs 0 0 0 0 0 0 0 0 1023 1023 1023 1023 1023 1023 1023 1023 ;
aves 0 1023;
rolls 0 0;
yaws 0 0;
bs 0 0 0 0 0 0 0 0 1023 1023 1023 1023 1023 1023 1023 1023 ;
aves 0 1023;
rolls 0 0;
yaws 0 0;
bs 0 0 0 0 0 0 0 0 1023 1023 1023 1023 1023 1023 1023 1023 ;
aves 0 1023;
rolls 0 0;
yaws 0 0;
bs 0 0 0 0 0 0 0 0 1023 1023 1023 1023 1023 1023 1023 1023 ;
aves 0 1023;
rolls 0 0;
yaws 0 0;
bs 0 0 0 0 0 0 0 0 1023 1023 1023 1023 1023 1023 1023 1023 ;
aves 0 1023;
rolls 0 0;
yaws 0 0;
bs 0 0 0 0 0 0 0 0 1023 1023 1023 1023 1023 1023 1023 1023 ;
aves 0 1023;
rolls 0 0;
yaws 0 0;
bs 0 0 0 0 0 0 0 0 1023 1023 1023 1023 1023 1023 1023 1023 ;
aves 0 1023;
rolls 0 0;
yaws 0 0;
bs 0 0 0 0 0 0 0 0 1023 1023 1023 1023 1023 1023 1023 1023 ;
aves 0 1023;
rolls 0 0;
yaws 0 0;
bs 0 0 0 0 0 0 0 0 1023 1023 1023 1023 1023 1023 1023 1023 ;
aves 0 1023;
rolls 0 0;
yaws 0 0;
bs 0 0 0 0 0 0 0 0 1023 1023 1023 1023 1023 1023 1023 1023 ;
aves 0 1023;
rolls 0 0;
yaws 0 0;
bs 0 0 0 0 0 0 0 0 1023 1023 1023 1023 1023 1023 1023 1023 ;
aves 0 1023;
rolls 0 0;
yaws 0 0;
bs 0 0 0 0 0 0 0 0 1023 1023 1023 1023 1023 1023 1023 1023 ;
aves 0 1023;
rolls 0 0;
yaws 0 0;
bs 0 0 0 0 0 0 0 0 1023 1023 1023 1023 1023 1023 1023 1023 ;
aves 0 1023;
rolls 0 0;
yaws 0 0;
bs 0 0 0 0 0 0 0 0 1023 1023 1023 1023 1023 1023 1023 1023 ;
aves 0 1023;
rolls 0 0;
yaws 0 0;
bs 0 0 0 0 0 0 0 0 1023 1023 1023 1023 1023 1023 1023 1023 ;
aves 0 1023;
rolls 0 0;
yaws 0 0;
bs 0 0 0 0 0 0 0 0 1023 1023 1023 1023 1023 1023 1023 1023 ;
aves 0 1023;
rolls 0 0;
yaws 0 0;
bs 0 0 0 0 0 0 0 0 1023 1023 1023 1023 1023 1023 1023 1023 ;
aves 0 1023;
rolls 0 0;
yaws 0 0;
bs 0 0 0 0 0 0 0 0 1023 1023 1023 1023 1023 1023 1023 1023 ;
aves 0 1023;
rolls 0 0;
yaws 0 0;
bs 0 0 0 0 0 0 0 0 1023 1023 1023 1023 1023 1023 1023 1023 ;
aves 0 1023;
rolls 0 0;
yaws 0 0;
bs 0 0 0 0 0 0 0 0 1023 1023 1023 1023 1023 1023 1023 1023 ;
aves 0 1023;
rolls 0 0;
yaws 0 0;
bs 0 0 0 0 0 0 0 0 606 588 637 461 658 539 672 668 ;
aves 0 603.625;
rolls 0 39.625;
yaws 0 -30.625;
bs 0 0 0 0 0 0 0 0 523 1023 764 1023 1023 1023 1023 1023 ;
aves 0 928.125;
rolls 0 -94.875;
yaws 0 -94.875;
hitR 26 562;
modeselektor bang;
bs 0 0 0 0 0 0 0 0 622 1023 1023 1023 1023 1023 1023 1023 ;
aves 0 972.875;
rolls 0 -50.125;
yaws 0 -50.125;
hitR 19 83;
modeselektor bang;
bs 0 0 0 0 0 0 0 0 1023 1023 1023 1023 1023 1023 1023 1023 ;
aves 0 1023;
rolls 0 0;
yaws 0 0;
bs 0 0 0 0 0 0 0 0 1023 1023 1023 1023 1023 1023 1023 1023 ;
aves 0 1023;
rolls 0 0;
yaws 0 0;
bs 0 0 0 0 0 0 0 0 1023 1023 1023 1023 1023 1023 1023 1023 ;
aves 0 1023;
rolls 0 0;
yaws 0 0;
bs 0 0 0 0 0 0 0 0 1023 1023 1023 1023 1023 1023 1023 1023 ;
aves 0 1023;
rolls 0 0;
yaws 0 0;
bs 0 0 0 0 0 0 0 0 1023 1023 1023 1023 1023 1023 1023 1023 ;
aves 0 1023;
rolls 0 0;
yaws 0 0;
bs 0 0 0 0 0 0 0 0 1023 1023 1023 1023 1023 1023 1023 1023 ;
aves 0 1023;
rolls 0 0;
yaws 0 0;
bs 0 0 0 0 0 0 0 0 1023 1023 1023 1023 1023 1023 1023 1023 ;
aves 0 1023;
rolls 0 0;
yaws 0 0;
bs 0 0 0 0 0 0 0 0 1023 1023 1023 1023 1023 1023 1023 1023 ;
aves 0 1023;
rolls 0 0;
yaws 0 0;
bs 0 0 81 0 0 0 0 0 1023 1023 1023 1023 1023 1023 1023 1023 ;
aves 10.125 1023;
rolls 10.125 0;
yaws 10.125 0;
bs 91 354 468 110 0 0 0 0 1023 1023 1023 1023 1023 1023 1023 1023 ;
aves 127.875 1023;
rolls 11.875 0;
yaws 127.875 0;
bs 573 645 642 550 114 417 237 482 1023 1023 1023 1023 1023 1023 1023 1023 ;
aves 457.5 1023;
rolls -66 0;
yaws 145 0;
bs 1023 731 745 753 596 740 581 738 1023 1023 1023 1023 1023 1023 1023 1023 ;
aves 738.375 1023;
rolls -2.125 0;
yaws 74.625 0;
bs 1023 1023 1023 1023 1023 1023 791 1023 1023 1023 1023 1023 1023 1023 1023 1023 ;
aves 994 1023;
rolls -29 0;
yaws 29 0;
bs 1023 1023 1023 1023 1023 1023 1023 1023 1023 1023 1023 1023 1023 1023 1023 1023 ;
aves 1023 1023;
rolls 0 0;
yaws 0 0;
bs 1023 1023 1023 1023 1023 1023 1023 1023 1023 1023 1023 1023 1023 1023 1023 1023 ;
aves 1023 1023;
rolls 0 0;
yaws 0 0;
bs 1023 1023 1023 1023 1023 1023 1023 1023 1023 1023 1023 1023 1023 1023 1023 1023 ;
aves 1023 1023;
rolls 0 0;
yaws 0 0;
bs 1023 1023 1023 1023 1023 1023 1023 1023 1023 1023 1023 1023 1023 1023 1023 1023 ;
aves 1023 1023;
rolls 0 0;
yaws 0 0;
bs 1023 1023 1023 1023 1023 1023 1023 1023 1023 1023 1023 1023 1023 1023 1023 1023 ;
aves 1023 1023;
rolls 0 0;
yaws 0 0;
bs 1023 1023 1023 1023 1023 1023 1023 1023 1023 1023 1023 1023 1023 1023 1023 1023 ;
aves 1023 1023;
rolls 0 0;
yaws 0 0;
bs 1023 1023 1023 1023 1023 1023 1023 1023 1023 1023 1023 1023 1023 1023 1023 1023 ;
aves 1023 1023;
rolls 0 0;
yaws 0 0;
bs 1023 1023 1023 1023 1023 1023 1023 1023 1023 1023 1023 1023 1023 1023 1023 1023 ;
aves 1023 1023;
rolls 0 0;
yaws 0 0;
bs 1023 1023 1023 1023 1023 1023 1023 1023 1023 1023 1023 1023 1023 1023 1023 1023 ;
aves 1023 1023;
rolls 0 0;
yaws 0 0;
bs 1023 1023 1023 1023 1023 1023 1023 1023 1023 1023 1023 1023 1023 1023 1023 1023 ;
aves 1023 1023;
rolls 0 0;
yaws 0 0;
bs 1023 1023 1023 1023 1023 1023 1023 1023 1023 1023 1023 1023 1023 1023 1023 1023 ;
aves 1023 1023;
rolls 0 0;
yaws 0 0;
bs 1023 1023 1023 1023 1023 1023 1023 1023 1023 1023 1023 1023 1023 1023 1023 1023 ;
aves 1023 1023;
rolls 0 0;
yaws 0 0;
bs 1023 1023 1023 1023 1023 1023 1023 1023 1023 1023 1023 1023 1023 1023 1023 1023 ;
aves 1023 1023;
rolls 0 0;
yaws 0 0;
bs 1023 1023 1023 1023 1023 1023 1023 1023 1023 1023 1023 1023 1023 1023 1023 1023 ;
aves 1023 1023;
rolls 0 0;
yaws 0 0;
bs 1023 1023 1023 1023 1023 1023 1023 1023 1023 1023 1023 1023 1023 1023 1023 1023 ;
aves 1023 1023;
rolls 0 0;
yaws 0 0;
bs 1023 1023 1023 1023 1023 1023 1023 1023 1023 1023 1023 1023 1023 1023 1023 1023 ;
aves 1023 1023;
rolls 0 0;
yaws 0 0;
bs 1023 1023 1023 1023 1023 1023 1023 1023 1023 1023 1023 1023 1023 1023 1023 1023 ;
aves 1023 1023;
rolls 0 0;
yaws 0 0;
bs 1023 1023 1023 1023 1023 1023 1023 1023 1023 1023 1023 1023 1023 1023 1023 1023 ;
aves 1023 1023;
rolls 0 0;
yaws 0 0;
bs 1023 1023 1023 1023 1023 1023 1023 1023 1023 1023 1023 1023 1023 1023 1023 1023 ;
aves 1023 1023;
rolls 0 0;
yaws 0 0;
bs 1023 1023 1023 1023 1023 1023 1023 1023 1023 1023 1023 1023 1023 1023 1023 1023 ;
aves 1023 1023;
rolls 0 0;
yaws 0 0;
bs 1023 1023 1023 1023 1023 1023 1023 1023 1023 1023 1023 1023 1023 1023 1023 1023 ;
aves 1023 1023;
rolls 0 0;
yaws 0 0;
bs 1023 1023 1023 1023 1023 1023 1023 1023 1023 1023 1023 1023 1023 1023 1023 1023 ;
aves 1023 1023;
rolls 0 0;
yaws 0 0;
bs 1023 1023 1023 1023 1023 1023 1023 1023 1023 1023 1023 1023 1023 1023 1023 1023 ;
aves 1023 1023;
rolls 0 0;
yaws 0 0;
bs 1023 1023 1023 1023 1023 1023 1023 1023 1023 1023 1023 1023 1023 1023 1023 1023 ;
aves 1023 1023;
rolls 0 0;
yaws 0 0;
bs 1023 1023 1023 1023 1023 1023 1023 1023 1023 1023 1023 1023 1023 1023 1023 1023 ;
aves 1023 1023;
rolls 0 0;
yaws 0 0;
bs 1023 1023 1023 1023 1023 1023 1023 1023 1023 1023 1023 1023 1023 1023 1023 1023 ;
aves 1023 1023;
rolls 0 0;
yaws 0 0;
bs 1023 1023 1023 1023 1023 1023 1023 1023 1023 1023 1023 1023 1023 1023 1023 1023 ;
aves 1023 1023;
rolls 0 0;
yaws 0 0;
bs 1023 1023 1023 1023 1023 1023 1023 1023 1023 1023 1023 1023 1023 1023 1023 1023 ;
aves 1023 1023;
rolls 0 0;
yaws 0 0;
bs 1023 1023 1023 1023 1023 1023 1023 1023 1023 1023 1023 1023 1023 1023 1023 1023 ;
aves 1023 1023;
rolls 0 0;
yaws 0 0;
bs 1023 1023 1023 1023 1023 1023 1023 1023 1023 1023 1023 1023 1023 1023 1023 1023 ;
aves 1023 1023;
rolls 0 0;
yaws 0 0;
bs 1023 1023 1023 1023 1023 1023 1023 1023 1023 1023 1023 1023 1023 1023 1023 1023 ;
aves 1023 1023;
rolls 0 0;
yaws 0 0;
bs 1023 1023 1023 1023 1023 1023 1023 1023 1023 1023 1023 1023 1023 1023 1023 1023 ;
aves 1023 1023;
rolls 0 0;
yaws 0 0;
bs 1023 1023 1023 1023 1023 1023 1023 1023 1023 1023 1023 1023 1023 1023 1023 1023 ;
aves 1023 1023;
rolls 0 0;
yaws 0 0;
bs 1023 1023 1023 1023 1023 1023 1023 1023 1023 1023 1023 1023 1023 1023 1023 1023 ;
aves 1023 1023;
rolls 0 0;
yaws 0 0;
bs 1023 1023 1023 1023 1023 1023 1023 1023 1023 1023 1023 1023 1023 1023 1023 1023 ;
aves 1023 1023;
rolls 0 0;
yaws 0 0;
bs 1023 1023 1023 1023 1023 1023 1023 1023 1023 1023 1023 1023 1023 1023 1023 1023 ;
aves 1023 1023;
rolls 0 0;
yaws 0 0;
bs 1023 1023 1023 1023 1023 1023 1023 1023 1023 1023 1023 1023 1023 1023 1023 1023 ;
aves 1023 1023;
rolls 0 0;
yaws 0 0;
bs 1023 1023 1023 1023 1023 1023 1023 1023 1023 1023 1023 1023 1023 1023 1023 1023 ;
aves 1023 1023;
rolls 0 0;
yaws 0 0;
bs 1023 1023 1023 1023 1023 1023 1023 1023 1023 1023 1023 1023 1023 1023 1023 1023 ;
aves 1023 1023;
rolls 0 0;
yaws 0 0;
bs 1023 1023 1023 1023 1023 1023 1023 1023 1023 1023 1023 1023 1023 1023 1023 1023 ;
aves 1023 1023;
rolls 0 0;
yaws 0 0;
bs 1023 1023 1023 1023 1023 1023 1023 1023 1023 1023 1023 1023 1023 1023 1023 1023 ;
aves 1023 1023;
rolls 0 0;
yaws 0 0;
bs 1023 1023 1023 1023 1023 1023 1023 1023 1023 1023 1023 1023 1023 1023 1023 1023 ;
aves 1023 1023;
rolls 0 0;
yaws 0 0;
bs 1023 1023 1023 1023 1023 1023 1023 1023 1023 1023 1023 1023 1023 1023 1023 1023 ;
aves 1023 1023;
rolls 0 0;
yaws 0 0;
bs 1023 1023 1023 1023 1023 1023 1023 1023 1023 1023 1023 1023 1023 1023 1023 1023 ;
aves 1023 1023;
rolls 0 0;
yaws 0 0;
bs 1023 1023 1023 1023 1023 1023 1023 1023 1023 1023 1023 1023 1023 1023 1023 1023 ;
aves 1023 1023;
rolls 0 0;
yaws 0 0;
bs 1023 1023 1023 1023 1023 1023 1023 1023 1023 1023 1023 1023 1023 1023 1023 1023 ;
aves 1023 1023;
rolls 0 0;
yaws 0 0;
bs 1023 1023 1023 1023 1023 1023 1023 1023 1023 1023 1023 1023 1023 1023 1023 1023 ;
aves 1023 1023;
rolls 0 0;
yaws 0 0;
bs 1023 1023 1023 1023 1023 1023 1023 1023 1023 1023 1023 1023 1023 1023 1023 1023 ;
aves 1023 1023;
rolls 0 0;
yaws 0 0;
bs 1023 1023 1023 1023 1023 1023 1023 1023 1023 1023 1023 1023 1023 1023 1023 1023 ;
aves 1023 1023;
rolls 0 0;
yaws 0 0;
bs 1023 1023 1023 1023 1023 1023 1023 1023 1023 1023 1023 1023 1023 1023 1023 1023 ;
aves 1023 1023;
rolls 0 0;
yaws 0 0;
bs 1023 1023 1023 1023 1023 1023 1023 1023 1023 1023 1023 1023 1023 1023 1023 1023 ;
aves 1023 1023;
rolls 0 0;
yaws 0 0;
bs 1023 1023 1023 1023 1023 1023 1023 1023 1023 1023 1023 1023 1023 1023 1023 1023 ;
aves 1023 1023;
rolls 0 0;
yaws 0 0;
